id,sex,length,Diametercontinuous,Height,Wholeweight,Shuckedweight,Visceraweight,Shellweight,classfication
1,M,0.635,0.515,0.17,1.275,0.509,0.286,0.34,16
2,M,0.7,0.58,0.205,2.13,0.7415,0.49,0.58,20
3,M,0.675,0.525,0.185,1.587,0.6935,0.336,0.395,13
4,F,0.645,0.525,0.19,1.8085,0.7035,0.3885,0.395,18
5,M,0.745,0.585,0.215,2.499,0.9265,0.472,0.7,17
6,F,0.685,0.545,0.18,1.768,0.7495,0.392,0.485,16
7,M,0.605,0.49,0.18,1.227,0.48,0.287,0.35,18
8,F,0.59,0.465,0.15,0.997,0.392,0.246,0.34,12
9,F,0.65,0.525,0.175,1.4225,0.61,0.2995,0.445,20
10,F,0.6,0.48,0.15,1.029,0.4085,0.2705,0.295,16
11,F,0.62,0.5,0.175,1.186,0.4985,0.3015,0.35,12
12,M,0.63,0.515,0.16,1.016,0.4215,0.244,0.355,19
13,M,0.58,0.465,0.145,0.887,0.4405,0.1655,0.265,11
14,F,0.58,0.455,0.12,1.0735,0.479,0.2735,0.265,10
15,M,0.63,0.49,0.18,1.13,0.458,0.2765,0.315,12
16,F,0.69,0.56,0.215,1.719,0.68,0.299,0.47,17
17,F,0.65,0.545,0.165,1.566,0.6645,0.3455,0.415,16
18,F,0.66,0.565,0.195,1.7605,0.692,0.3265,0.5,16
19,F,0.68,0.58,0.2,1.787,0.585,0.453,0.6,19
20,F,0.7,0.575,0.17,1.31,0.5095,0.314,0.42,14
21,M,0.685,0.52,0.15,1.343,0.4635,0.292,0.4,13
22,F,0.675,0.545,0.195,1.7345,0.6845,0.3695,0.605,20
23,M,0.63,0.49,0.19,1.1775,0.4935,0.3365,0.285,11
24,F,0.585,0.45,0.16,1.077,0.4995,0.2875,0.25,10
25,M,0.565,0.465,0.175,0.995,0.3895,0.183,0.37,15
26,F,0.61,0.495,0.185,1.1085,0.3705,0.3135,0.33,12
27,M,0.605,0.47,0.18,1.1405,0.3755,0.2805,0.385,15
28,M,0.535,0.42,0.145,0.791,0.33,0.189,0.25,10
29,M,0.485,0.4,0.135,0.663,0.313,0.137,0.2,10
30,M,0.47,0.375,0.12,0.5565,0.226,0.122,0.195,12
31,M,0.545,0.425,0.135,0.8445,0.373,0.21,0.235,10
32,F,0.455,0.37,0.105,0.4925,0.216,0.1245,0.135,9
33,M,0.54,0.42,0.155,0.7385,0.3515,0.152,0.215,12
34,M,0.46,0.38,0.135,0.482,0.207,0.1225,0.145,10
35,M,0.49,0.42,0.125,0.609,0.239,0.1435,0.22,14
36,I,0.465,0.375,0.12,0.471,0.222,0.119,0.14,9
37,I,0.415,0.325,0.1,0.3215,0.1535,0.0595,0.105,10
38,M,0.475,0.375,0.125,0.593,0.277,0.115,0.18,10
39,F,0.47,0.375,0.125,0.5615,0.252,0.137,0.18,10
40,I,0.365,0.295,0.095,0.25,0.1075,0.0545,0.08,9
41,I,0.345,0.275,0.095,0.1995,0.0755,0.0535,0.07,6
42,I,0.39,0.31,0.1,0.302,0.116,0.064,0.115,11
43,F,0.5,0.395,0.14,0.7155,0.3165,0.176,0.24,10
44,M,0.47,0.38,0.145,0.5865,0.2385,0.144,0.185,8
45,M,0.535,0.44,0.15,0.6765,0.256,0.139,0.26,12
46,M,0.585,0.455,0.15,0.987,0.4355,0.2075,0.31,11
47,F,0.485,0.365,0.12,0.5885,0.27,0.131,0.175,9
48,M,0.515,0.455,0.135,0.7225,0.295,0.1625,0.235,9
49,F,0.435,0.325,0.11,0.4335,0.178,0.0985,0.155,7
50,F,0.515,0.415,0.14,0.6935,0.3115,0.152,0.2,10
51,I,0.44,0.345,0.12,0.365,0.1655,0.083,0.11,7
52,F,0.525,0.44,0.15,0.8425,0.3685,0.1985,0.24,12
53,M,0.45,0.355,0.115,0.479,0.2125,0.1045,0.15,8
54,M,0.59,0.485,0.12,0.911,0.39,0.182,0.29,16
55,M,0.555,0.45,0.145,0.915,0.4,0.246,0.285,11
56,M,0.57,0.44,0.095,0.827,0.3395,0.2215,0.235,8
57,M,0.59,0.5,0.165,1.1045,0.4565,0.2425,0.34,15
58,M,0.585,0.475,0.12,0.945,0.41,0.2115,0.28,14
59,F,0.58,0.46,0.12,0.9935,0.4625,0.2385,0.28,11
60,M,0.545,0.44,0.12,0.8565,0.3475,0.1715,0.24,12
61,F,0.605,0.495,0.17,1.2385,0.528,0.2465,0.39,14
62,F,0.62,0.47,0.14,1.0325,0.3605,0.224,0.36,15
63,F,0.63,0.5,0.17,1.3135,0.5595,0.267,0.4,20
64,M,0.63,0.515,0.165,1.352,0.488,0.349,0.45,20
65,F,0.63,0.5,0.155,1.005,0.367,0.199,0.36,16
66,M,0.545,0.41,0.14,0.625,0.223,0.16,0.235,13
67,F,0.67,0.54,0.165,1.5015,0.518,0.358,0.505,14
68,I,0.49,0.38,0.12,0.529,0.2165,0.139,0.155,11
69,F,0.49,0.39,0.135,0.5785,0.2465,0.123,0.2,13
70,I,0.29,0.225,0.07,0.101,0.036,0.0235,0.035,8
71,I,0.26,0.2,0.07,0.092,0.037,0.02,0.03,6
72,M,0.58,0.45,0.175,1.068,0.425,0.203,0.32,13
73,F,0.61,0.485,0.165,1.0915,0.3935,0.2435,0.33,18
74,M,0.6,0.5,0.16,1.015,0.3995,0.1735,0.33,19
75,F,0.56,0.455,0.125,0.943,0.344,0.129,0.375,21
76,F,0.575,0.45,0.17,1.0475,0.3775,0.1705,0.385,18
77,F,0.57,0.45,0.175,0.9555,0.38,0.1665,0.295,18
78,M,0.6,0.47,0.155,1.036,0.4375,0.196,0.325,20
79,M,0.565,0.455,0.17,0.9065,0.342,0.156,0.32,18
80,M,0.545,0.42,0.14,0.7505,0.2475,0.13,0.255,22
81,I,0.44,0.345,0.1,0.366,0.122,0.0905,0.12,13
82,M,0.5,0.41,0.15,0.662,0.2815,0.137,0.22,11
83,I,0.36,0.275,0.095,0.217,0.084,0.0435,0.09,7
84,I,0.385,0.305,0.095,0.252,0.0915,0.055,0.09,14
85,M,0.39,0.3,0.09,0.3055,0.143,0.0645,0.085,9
86,M,0.5,0.415,0.165,0.6885,0.249,0.138,0.25,13
87,I,0.36,0.275,0.11,0.2335,0.095,0.0525,0.085,10
88,I,0.335,0.26,0.1,0.192,0.0785,0.0585,0.07,8
89,F,0.505,0.425,0.14,0.85,0.275,0.1625,0.285,19
90,I,0.395,0.295,0.1,0.2715,0.134,0.0325,0.085,10
91,F,0.41,0.325,0.105,0.3635,0.159,0.077,0.12,10
92,F,0.56,0.455,0.19,0.714,0.283,0.129,0.275,9
93,M,0.565,0.435,0.185,0.9815,0.329,0.136,0.39,13
94,M,0.565,0.455,0.185,0.9265,0.354,0.1575,0.375,16
95,M,0.605,0.5,0.175,1.098,0.4765,0.232,0.375,12
96,F,0.565,0.455,0.15,0.8205,0.365,0.159,0.26,18
97,M,0.725,0.565,0.215,1.891,0.6975,0.4725,0.58,16
98,F,0.675,0.535,0.16,1.41,0.592,0.3175,0.42,16
99,F,0.665,0.555,0.195,1.4385,0.581,0.354,0.36,17
100,F,0.565,0.49,0.155,0.9245,0.405,0.2195,0.255,11
101,F,0.645,0.55,0.175,1.2915,0.57,0.3045,0.33,14
102,M,0.575,0.47,0.14,0.8375,0.3485,0.1735,0.24,11
103,F,0.64,0.54,0.175,1.221,0.51,0.259,0.39,15
104,I,0.36,0.28,0.105,0.199,0.0695,0.045,0.08,9
105,I,0.415,0.31,0.11,0.2965,0.123,0.057,0.0995,10
106,F,0.525,0.41,0.135,0.7085,0.293,0.1525,0.235,11
107,M,0.38,0.285,0.1,0.2665,0.115,0.061,0.075,11
108,F,0.585,0.465,0.17,0.9915,0.3865,0.224,0.265,12
109,I,0.24,0.185,0.07,0.0715,0.026,0.018,0.025,6
110,I,0.22,0.165,0.055,0.0545,0.0215,0.012,0.02,5
111,I,0.255,0.195,0.07,0.0735,0.0255,0.02,0.025,6
112,I,0.175,0.125,0.05,0.0235,0.008,0.0035,0.008,5
113,F,0.67,0.55,0.19,1.3905,0.5425,0.3035,0.4,12
114,M,0.655,0.53,0.195,1.388,0.567,0.2735,0.41,13
115,F,0.68,0.55,0.21,1.7445,0.5975,0.305,0.625,17
116,M,0.675,0.555,0.2,1.4385,0.545,0.2665,0.465,21
117,F,0.53,0.44,0.135,0.7835,0.313,0.1715,0.2185,9
118,F,0.515,0.405,0.12,0.646,0.2895,0.1405,0.177,10
119,I,0.43,0.34,0.12,0.3575,0.151,0.0645,0.1045,9
120,F,0.52,0.405,0.12,0.627,0.2645,0.1415,0.181,11
121,F,0.545,0.415,0.16,0.7715,0.272,0.1455,0.2765,10
122,M,0.53,0.415,0.175,0.7395,0.261,0.1395,0.2645,17
123,F,0.465,0.35,0.115,0.421,0.1565,0.091,0.1345,9
124,M,0.665,0.54,0.175,1.347,0.4955,0.254,0.415,17
125,M,0.735,0.59,0.225,1.756,0.637,0.3405,0.58,21
126,M,0.66,0.545,0.185,1.32,0.5305,0.2635,0.455,16
127,F,0.7,0.585,0.185,1.8075,0.7055,0.3215,0.475,29
128,M,0.575,0.4,0.155,0.9325,0.3605,0.2445,0.3,17
129,M,0.57,0.465,0.125,0.849,0.3785,0.1765,0.24,15
130,F,0.58,0.46,0.15,0.9955,0.429,0.212,0.26,19
131,M,0.63,0.48,0.145,1.0115,0.4235,0.237,0.305,12
132,F,0.585,0.465,0.14,0.908,0.381,0.1615,0.315,13
133,M,0.55,0.45,0.13,0.92,0.378,0.2385,0.29,11
134,F,0.625,0.515,0.15,1.2415,0.5235,0.3065,0.36,15
135,M,0.54,0.42,0.135,0.8075,0.3485,0.1795,0.235,11
136,F,0.57,0.455,0.165,1.0595,0.44,0.2195,0.285,14
137,M,0.59,0.455,0.145,1.073,0.475,0.19,0.285,14
138,M,0.58,0.46,0.13,0.921,0.357,0.181,0.29,13
139,F,0.655,0.51,0.155,1.2895,0.5345,0.2855,0.41,11
140,M,0.655,0.53,0.175,1.2635,0.486,0.2635,0.415,15
141,M,0.625,0.5,0.195,1.369,0.5875,0.2185,0.37,17
142,F,0.625,0.5,0.15,0.953,0.3445,0.2235,0.305,15
143,F,0.64,0.52,0.175,1.248,0.4245,0.2595,0.48,12
144,F,0.605,0.485,0.165,1.0105,0.435,0.209,0.3,19
145,F,0.615,0.525,0.155,1.0385,0.427,0.2315,0.345,11
146,M,0.555,0.45,0.175,0.874,0.3275,0.202,0.305,10
147,F,0.58,0.44,0.18,0.854,0.3665,0.1635,0.245,12
148,F,0.62,0.52,0.225,1.1835,0.378,0.27,0.395,23
149,F,0.62,0.47,0.225,1.115,0.378,0.2145,0.36,15
150,F,0.6,0.505,0.19,1.129,0.4385,0.256,0.36,13
151,F,0.625,0.485,0.19,1.1745,0.4385,0.2305,0.42,17
152,M,0.6,0.47,0.175,1.105,0.4865,0.247,0.315,15
153,M,0.56,0.46,0.235,0.8395,0.3325,0.157,0.305,12
154,M,0.585,0.455,0.225,1.055,0.3815,0.221,0.365,15
155,M,0.56,0.435,0.18,0.889,0.36,0.204,0.25,11
156,I,0.56,0.445,0.155,0.8735,0.3005,0.209,0.275,16
157,I,0.68,0.53,0.185,1.1095,0.439,0.245,0.34,10
158,F,0.455,0.35,0.14,0.5185,0.221,0.1265,0.135,10
159,F,0.49,0.38,0.145,0.6725,0.249,0.181,0.21,10
160,M,0.31,0.22,0.085,0.146,0.061,0.0365,0.045,6
161,F,0.275,0.195,0.07,0.08,0.031,0.0215,0.025,5
162,M,0.27,0.195,0.08,0.1,0.0385,0.0195,0.03,6
163,M,0.4,0.29,0.115,0.2795,0.1115,0.0575,0.075,9
164,M,0.28,0.2,0.08,0.0915,0.033,0.0215,0.03,5
165,M,0.325,0.23,0.09,0.147,0.06,0.034,0.045,4
166,F,0.345,0.25,0.09,0.203,0.078,0.059,0.055,6
167,M,0.21,0.15,0.05,0.0385,0.0155,0.0085,0.01,3
168,F,0.36,0.27,0.09,0.1885,0.0845,0.0385,0.055,5
169,I,0.365,0.26,0.115,0.218,0.0935,0.0445,0.07,9
170,M,0.2,0.14,0.055,0.035,0.0145,0.008,0.01,5
171,M,0.235,0.16,0.06,0.0545,0.0265,0.0095,0.015,4
172,M,0.175,0.125,0.04,0.024,0.0095,0.006,0.005,4
173,M,0.155,0.11,0.04,0.0155,0.0065,0.003,0.005,3
174,F,0.57,0.445,0.155,0.733,0.282,0.159,0.235,14
175,F,0.57,0.45,0.16,0.9715,0.3965,0.255,0.26,12
176,M,0.385,0.3,0.095,0.24,0.0885,0.059,0.085,9
177,I,0.53,0.42,0.185,0.752,0.299,0.156,0.205,20
178,F,0.46,0.355,0.13,0.458,0.192,0.1055,0.13,13
179,I,0.47,0.37,0.12,0.4705,0.1845,0.1055,0.155,12
180,F,0.435,0.335,0.11,0.38,0.1695,0.086,0.11,9
181,I,0.47,0.37,0.14,0.4985,0.2095,0.1225,0.145,10
182,I,0.465,0.38,0.13,0.454,0.1895,0.08,0.155,11
183,I,0.52,0.405,0.14,0.5775,0.2,0.145,0.179,11
184,M,0.29,0.23,0.075,0.1165,0.043,0.0255,0.04,7
185,M,0.275,0.205,0.07,0.094,0.0335,0.02,0.0325,5
186,F,0.375,0.29,0.115,0.2705,0.093,0.066,0.0885,10
187,F,0.5,0.375,0.14,0.604,0.242,0.1415,0.179,15
188,F,0.44,0.355,0.115,0.415,0.1585,0.0925,0.131,11
189,M,0.42,0.325,0.115,0.2885,0.1,0.057,0.1135,15
190,M,0.445,0.35,0.115,0.3615,0.1565,0.0695,0.117,8
191,F,0.38,0.29,0.105,0.257,0.099,0.051,0.085,10
192,M,0.32,0.245,0.075,0.1555,0.0585,0.038,0.049,11
193,M,0.255,0.195,0.065,0.08,0.0315,0.018,0.027,8
194,M,0.205,0.155,0.045,0.0425,0.017,0.0055,0.0155,7
195,F,0.565,0.45,0.16,0.795,0.3605,0.1555,0.23,12
196,I,0.555,0.425,0.18,0.875,0.3695,0.2005,0.255,11
197,I,0.65,0.515,0.16,1.1625,0.495,0.203,0.33,17
198,I,0.615,0.49,0.155,0.9885,0.4145,0.195,0.345,13
199,I,0.56,0.44,0.165,0.8,0.335,0.1735,0.25,12
200,I,0.48,0.37,0.12,0.514,0.2075,0.131,0.155,13
201,I,0.485,0.39,0.125,0.591,0.287,0.141,0.12,9
202,I,0.5,0.385,0.15,0.6265,0.2605,0.1665,0.16,10
203,I,0.525,0.405,0.15,0.795,0.3075,0.205,0.255,14
204,F,0.66,0.5,0.165,1.1905,0.4585,0.298,0.37,12
205,F,0.66,0.53,0.17,1.326,0.519,0.2625,0.44,13
206,I,0.52,0.4,0.145,0.66,0.267,0.1055,0.22,13
207,F,0.44,0.34,0.105,0.364,0.148,0.0805,0.1175,8
208,I,0.515,0.4,0.12,0.659,0.2705,0.179,0.17,13
209,F,0.475,0.35,0.115,0.452,0.1715,0.092,0.155,11
210,F,0.545,0.415,0.15,0.7335,0.2795,0.163,0.2185,11
211,F,0.47,0.355,0.13,0.5465,0.2005,0.126,0.185,14
212,M,0.35,0.255,0.065,0.179,0.0705,0.0385,0.06,10
213,I,0.485,0.355,0.13,0.581,0.245,0.132,0.168,12
214,I,0.435,0.33,0.125,0.406,0.1685,0.1055,0.096,12
215,M,0.28,0.21,0.08,0.1085,0.041,0.0265,0.0345,7
216,F,0.41,0.32,0.115,0.387,0.165,0.1005,0.0985,11
217,I,0.45,0.35,0.14,0.474,0.21,0.109,0.1275,16
218,I,0.45,0.345,0.135,0.443,0.1975,0.0875,0.1175,14
219,F,0.59,0.455,0.155,1.066,0.382,0.2275,0.415,20
220,F,0.57,0.44,0.14,0.9535,0.3785,0.201,0.305,17
221,I,0.61,0.475,0.15,0.9665,0.4145,0.2,0.345,10
222,F,0.61,0.475,0.14,1.133,0.5275,0.2355,0.35,11
223,I,0.56,0.425,0.14,0.9175,0.4005,0.1975,0.26,10
224,F,0.585,0.435,0.175,0.982,0.4055,0.2495,0.27,10
225,I,0.58,0.445,0.15,0.8865,0.383,0.209,0.255,11
226,F,0.63,0.48,0.175,1.3675,0.5015,0.3035,0.515,17
227,F,0.625,0.49,0.175,1.233,0.5565,0.247,0.365,11
228,I,0.55,0.425,0.15,0.806,0.376,0.171,0.245,14
229,F,0.645,0.525,0.19,1.4635,0.6615,0.3435,0.435,19
230,I,0.46,0.355,0.14,0.4935,0.216,0.133,0.115,13
231,F,0.41,0.305,0.1,0.363,0.1735,0.065,0.11,11
232,I,0.495,0.39,0.125,0.6655,0.284,0.162,0.2,11
233,I,0.52,0.425,0.17,0.6805,0.28,0.174,0.195,10
234,F,0.55,0.41,0.145,0.8285,0.3095,0.1905,0.25,13
235,M,0.45,0.335,0.14,0.4625,0.164,0.076,0.15,14
236,F,0.405,0.31,0.12,0.3095,0.138,0.058,0.095,13
237,I,0.51,0.4,0.15,0.745,0.2865,0.1675,0.235,13
238,F,0.37,0.29,0.115,0.25,0.111,0.057,0.075,9
239,I,0.525,0.41,0.175,0.874,0.3585,0.207,0.205,18
240,F,0.66,0.52,0.18,1.514,0.526,0.2975,0.42,19
241,M,0.535,0.42,0.15,0.6995,0.2575,0.153,0.24,12
242,I,0.575,0.455,0.18,0.8525,0.3015,0.1825,0.3,13
243,F,0.55,0.43,0.14,0.7135,0.2565,0.186,0.225,9
244,I,0.605,0.47,0.14,0.939,0.3385,0.201,0.32,13
245,I,0.605,0.495,0.145,1.054,0.369,0.2255,0.36,12
246,F,0.56,0.445,0.195,0.981,0.305,0.2245,0.335,16
247,I,0.535,0.42,0.145,0.926,0.398,0.1965,0.25,17
248,F,0.385,0.315,0.11,0.286,0.1225,0.0635,0.0835,10
249,F,0.39,0.3,0.1,0.265,0.1075,0.06,0.0865,13
250,I,0.47,0.345,0.115,0.4885,0.2005,0.108,0.166,11
251,I,0.515,0.39,0.14,0.5555,0.2,0.1135,0.2235,12
252,I,0.425,0.345,0.125,0.425,0.16,0.0795,0.154,13
253,M,0.345,0.27,0.09,0.195,0.078,0.0455,0.059,9
254,I,0.485,0.37,0.13,0.458,0.181,0.113,0.136,10
255,M,0.37,0.285,0.1,0.228,0.0675,0.0675,0.081,10
256,M,0.35,0.265,0.09,0.1775,0.0575,0.042,0.068,12
257,F,0.44,0.345,0.17,0.4085,0.15,0.0825,0.1515,12
258,M,0.195,0.145,0.05,0.032,0.01,0.008,0.012,4
259,M,0.325,0.24,0.075,0.155,0.0475,0.0355,0.06,9
260,I,0.495,0.37,0.125,0.4775,0.185,0.0705,0.169,18
261,I,0.45,0.35,0.145,0.525,0.2085,0.1,0.1655,15
262,M,0.415,0.345,0.135,0.3865,0.128,0.07,0.148,13
263,F,0.47,0.355,0.14,0.433,0.1525,0.095,0.152,12
264,M,0.32,0.24,0.085,0.17,0.0655,0.047,0.049,7
265,M,0.31,0.225,0.075,0.1295,0.0455,0.0335,0.044,9
266,M,0.235,0.17,0.055,0.0515,0.018,0.0105,0.0195,7
267,M,0.345,0.255,0.08,0.169,0.06,0.0425,0.054,10
268,I,0.485,0.38,0.14,0.673,0.2175,0.13,0.195,18
269,F,0.5,0.385,0.115,0.6785,0.2945,0.138,0.195,12
270,F,0.5,0.385,0.105,0.498,0.1795,0.1095,0.17,17
271,I,0.465,0.36,0.105,0.498,0.214,0.116,0.14,15
272,F,0.525,0.405,0.16,0.658,0.2655,0.1125,0.225,12
273,F,0.425,0.335,0.095,0.322,0.1205,0.061,0.125,10
274,F,0.38,0.305,0.095,0.2815,0.1255,0.0525,0.09,8
275,I,0.53,0.415,0.145,0.944,0.3845,0.185,0.265,21
276,M,0.34,0.265,0.085,0.1835,0.077,0.046,0.065,10
277,I,0.475,0.365,0.115,0.49,0.223,0.1235,0.1335,9
278,F,0.43,0.34,0.12,0.391,0.1555,0.095,0.1405,7
279,M,0.46,0.365,0.125,0.467,0.1895,0.0945,0.158,10
280,I,0.47,0.36,0.13,0.5225,0.198,0.1065,0.165,9
281,M,0.36,0.295,0.1,0.2105,0.066,0.0525,0.075,9
282,M,0.355,0.265,0.09,0.168,0.05,0.041,0.063,8
283,M,0.38,0.235,0.1,0.258,0.1055,0.054,0.08,7
284,M,0.355,0.26,0.085,0.1905,0.081,0.0485,0.055,6
285,I,0.44,0.345,0.12,0.487,0.1965,0.108,0.16,14
286,F,0.51,0.4,0.13,0.5735,0.219,0.1365,0.195,13
287,M,0.325,0.24,0.085,0.173,0.0795,0.038,0.05,7
288,I,0.62,0.485,0.18,1.1785,0.4675,0.2655,0.39,13
289,F,0.59,0.45,0.16,0.9,0.358,0.156,0.315,19
290,M,0.33,0.255,0.095,0.1875,0.0735,0.045,0.06,7
291,M,0.45,0.34,0.13,0.3715,0.1605,0.0795,0.105,9
292,I,0.445,0.33,0.12,0.347,0.12,0.084,0.105,11
293,M,0.33,0.215,0.075,0.1145,0.045,0.0265,0.035,6
294,M,0.48,0.375,0.145,0.777,0.216,0.13,0.17,9
295,I,0.46,0.35,0.12,0.4885,0.193,0.105,0.155,11
296,F,0.475,0.36,0.125,0.447,0.1695,0.081,0.14,9
297,M,0.255,0.18,0.065,0.079,0.034,0.014,0.025,5
298,I,0.335,0.245,0.09,0.1665,0.0595,0.04,0.06,6
299,I,0.47,0.35,0.13,0.466,0.1845,0.099,0.145,11
300,M,0.31,0.225,0.08,0.1345,0.054,0.024,0.05,7
301,F,0.37,0.28,0.11,0.2305,0.0945,0.0465,0.075,10
302,M,0.295,0.215,0.075,0.129,0.05,0.0295,0.04,7
303,F,0.555,0.435,0.165,0.97,0.336,0.2315,0.295,17
304,F,0.615,0.515,0.17,1.14,0.4305,0.2245,0.42,16
305,I,0.58,0.49,0.195,1.3165,0.5305,0.254,0.41,18
306,F,0.585,0.475,0.185,0.9585,0.4145,0.1615,0.33,11
307,I,0.65,0.525,0.18,1.626,0.597,0.3445,0.53,18
308,I,0.535,0.45,0.17,0.781,0.3055,0.1555,0.295,11
309,F,0.415,0.34,0.13,0.3675,0.146,0.0885,0.12,10
310,F,0.38,0.305,0.105,0.281,0.1045,0.0615,0.09,12
311,I,0.45,0.355,0.12,0.412,0.1145,0.0665,0.16,19
312,F,0.395,0.295,0.095,0.2245,0.078,0.054,0.08,10
313,M,0.455,0.35,0.12,0.4835,0.1815,0.144,0.16,11
314,F,0.485,0.38,0.15,0.605,0.2155,0.14,0.18,15
315,M,0.55,0.425,0.155,0.9175,0.2775,0.243,0.335,13
316,F,0.45,0.35,0.145,0.5425,0.1765,0.123,0.175,13
317,M,0.475,0.385,0.145,0.6175,0.235,0.108,0.215,14
318,F,0.5,0.38,0.155,0.655,0.2405,0.143,0.205,17
319,F,0.53,0.41,0.165,0.8115,0.24,0.169,0.24,19
320,M,0.49,0.39,0.15,0.573,0.225,0.124,0.17,21
321,F,0.49,0.385,0.15,0.7865,0.241,0.14,0.24,23
322,F,0.52,0.395,0.18,0.64,0.158,0.11,0.245,22
323,M,0.54,0.415,0.145,0.74,0.2635,0.168,0.245,12
324,F,0.5,0.375,0.115,0.5945,0.185,0.148,0.19,11
325,F,0.45,0.38,0.165,0.8165,0.25,0.1915,0.265,23
326,F,0.37,0.275,0.1,0.2225,0.093,0.026,0.08,8
327,I,0.37,0.275,0.1,0.2295,0.0885,0.0465,0.07,7
328,M,0.485,0.37,0.14,0.5725,0.204,0.1415,0.175,10
329,F,0.435,0.325,0.115,0.3915,0.154,0.094,0.12,7
330,M,0.535,0.405,0.185,0.8345,0.3175,0.1725,0.29,16
331,M,0.51,0.4,0.14,0.6515,0.2455,0.1665,0.185,10
332,M,0.565,0.44,0.185,0.909,0.344,0.2325,0.255,15
333,F,0.535,0.4,0.15,0.8045,0.3345,0.2125,0.21,13
334,F,0.535,0.405,0.125,0.927,0.26,0.1425,0.345,16
335,M,0.525,0.4,0.17,0.7305,0.279,0.2055,0.195,11
336,M,0.59,0.44,0.15,0.9555,0.366,0.2425,0.295,11
337,M,0.5,0.375,0.15,0.636,0.2535,0.145,0.19,10
338,I,0.255,0.19,0.075,0.0865,0.0345,0.0205,0.025,5
339,F,0.43,0.325,0.115,0.3865,0.1475,0.1065,0.11,11
340,M,0.38,0.29,0.12,0.283,0.1175,0.0655,0.085,9
341,I,0.165,0.11,0.02,0.019,0.0065,0.0025,0.005,4
342,I,0.315,0.23,0.09,0.1285,0.043,0.04,0.04,7
343,I,0.155,0.105,0.05,0.0175,0.005,0.0035,0.005,4
344,M,0.28,0.205,0.1,0.1165,0.0545,0.0285,0.03,5
345,F,0.43,0.335,0.12,0.444,0.155,0.1145,0.14,13
346,F,0.395,0.315,0.105,0.3515,0.1185,0.091,0.1195,16
347,M,0.385,0.285,0.105,0.2905,0.1215,0.0685,0.0875,12
348,F,0.48,0.385,0.135,0.536,0.1895,0.142,0.173,14
349,F,0.445,0.33,0.105,0.4525,0.18,0.103,0.123,9
350,M,0.395,0.295,0.115,0.316,0.1205,0.0595,0.1105,12
351,M,0.4,0.3,0.125,0.417,0.191,0.09,0.1175,9
352,M,0.415,0.325,0.14,0.417,0.1535,0.1015,0.144,10
353,M,0.315,0.25,0.09,0.203,0.0615,0.037,0.0795,11
354,F,0.345,0.26,0.09,0.207,0.0775,0.0435,0.0765,10
355,M,0.36,0.295,0.13,0.2765,0.0895,0.057,0.1005,10
356,I,0.295,0.225,0.09,0.1105,0.0405,0.0245,0.032,7
357,I,0.325,0.25,0.08,0.176,0.0595,0.0355,0.063,7
358,M,0.375,0.3,0.1,0.2465,0.104,0.0475,0.083,11
359,I,0.28,0.205,0.055,0.1135,0.045,0.0275,0.0335,7
360,M,0.355,0.265,0.085,0.201,0.069,0.053,0.0695,8
361,M,0.35,0.255,0.08,0.1915,0.08,0.0385,0.063,9
362,I,0.275,0.2,0.065,0.1035,0.0475,0.0205,0.03,7
363,I,0.29,0.205,0.07,0.0975,0.036,0.019,0.035,8
364,I,0.25,0.19,0.06,0.0765,0.036,0.0115,0.0245,6
365,I,0.18,0.125,0.035,0.0265,0.0095,0.0055,0.0085,4
366,I,0.15,0.1,0.025,0.015,0.0045,0.004,0.005,2
367,I,0.16,0.11,0.025,0.018,0.0065,0.0055,0.005,3
368,M,0.555,0.455,0.16,1.0575,0.3925,0.228,0.293,13
369,M,0.555,0.44,0.15,1.092,0.416,0.212,0.4405,15
370,M,0.525,0.41,0.13,0.99,0.3865,0.243,0.295,15
371,M,0.465,0.36,0.08,0.488,0.191,0.125,0.155,11
372,F,0.49,0.36,0.11,0.5005,0.161,0.107,0.195,17
373,M,0.4,0.305,0.085,0.297,0.108,0.0705,0.1,10
374,F,0.48,0.375,0.105,0.525,0.2185,0.1195,0.155,12
375,M,0.505,0.4,0.125,0.77,0.2735,0.159,0.255,13
376,F,0.52,0.4,0.12,0.6515,0.261,0.2015,0.165,15
377,M,0.525,0.4,0.13,0.8295,0.2405,0.1825,0.275,11
378,M,0.545,0.42,0.13,0.879,0.374,0.1695,0.23,13
379,M,0.52,0.4,0.12,0.823,0.298,0.1805,0.265,15
380,M,0.505,0.38,0.13,0.656,0.227,0.1785,0.22,13
381,M,0.525,0.425,0.12,0.8665,0.2825,0.176,0.29,18
382,M,0.51,0.39,0.125,0.6565,0.262,0.1835,0.175,10
383,M,0.52,0.385,0.115,0.669,0.2385,0.172,0.205,12
384,F,0.52,0.405,0.125,0.6435,0.2415,0.1735,0.21,12
385,M,0.535,0.41,0.135,0.862,0.2855,0.1525,0.32,14
386,M,0.445,0.345,0.09,0.3795,0.143,0.074,0.125,10
387,M,0.53,0.44,0.205,0.835,0.32,0.2175,0.245,14
388,F,0.36,0.265,0.09,0.2065,0.078,0.057,0.06,8
389,F,0.535,0.42,0.15,0.7365,0.2785,0.186,0.215,14
390,F,0.52,0.405,0.14,0.8175,0.2795,0.183,0.26,17
391,M,0.53,0.415,0.13,0.8425,0.275,0.1945,0.265,20
392,F,0.53,0.42,0.13,1.001,0.34,0.226,0.265,17
393,F,0.66,0.52,0.2,1.676,0.673,0.4805,0.45,17
394,M,0.52,0.385,0.14,0.6595,0.2485,0.2035,0.16,9
395,M,0.535,0.42,0.13,0.8055,0.301,0.181,0.28,14
396,M,0.695,0.515,0.175,1.5165,0.578,0.4105,0.39,15
397,F,0.51,0.39,0.105,0.612,0.187,0.15,0.195,13
398,M,0.485,0.355,0.12,0.547,0.215,0.1615,0.14,10
399,F,0.605,0.46,0.17,1.122,0.347,0.3045,0.315,13
400,F,0.58,0.455,0.165,1.1365,0.369,0.3005,0.275,13
401,M,0.65,0.515,0.175,1.4805,0.5295,0.272,0.525,20
402,M,0.62,0.505,0.185,1.5275,0.69,0.368,0.35,13
403,M,0.615,0.525,0.155,1.1375,0.367,0.236,0.37,20
404,F,0.605,0.495,0.19,1.437,0.469,0.2655,0.41,15
405,M,0.57,0.44,0.155,1.116,0.4775,0.2315,0.27,13
406,M,0.57,0.43,0.12,1.0615,0.348,0.167,0.31,15
407,M,0.585,0.405,0.15,1.2565,0.435,0.202,0.325,15
408,F,0.55,0.44,0.155,0.946,0.313,0.1825,0.335,16
409,F,0.54,0.44,0.135,0.959,0.2385,0.221,0.3,17
410,M,0.64,0.51,0.19,1.613,0.6215,0.361,0.47,14
411,F,0.61,0.47,0.145,1.153,0.403,0.296,0.32,14
412,M,0.545,0.45,0.15,0.978,0.3365,0.1905,0.3,11
413,F,0.59,0.445,0.13,1.1325,0.3825,0.234,0.32,13
414,M,0.345,0.27,0.095,0.197,0.0665,0.05,0.07,9
415,F,0.55,0.43,0.155,0.785,0.289,0.227,0.233,11
416,F,0.53,0.425,0.17,0.949,0.3485,0.2395,0.278,17
417,F,0.53,0.455,0.165,0.9805,0.3155,0.2815,0.2965,11
418,I,0.485,0.375,0.14,0.521,0.2,0.123,0.17,8
419,M,0.385,0.275,0.115,0.2685,0.0975,0.0825,0.085,8
420,M,0.455,0.34,0.135,0.462,0.1675,0.158,0.12,9
421,M,0.49,0.38,0.14,0.7605,0.245,0.167,0.185,10
422,M,0.53,0.41,0.165,0.732,0.189,0.17,0.31,11
423,M,0.505,0.385,0.145,0.6775,0.236,0.179,0.2,15
424,M,0.49,0.38,0.14,0.6385,0.2305,0.142,0.195,13
425,M,0.465,0.35,0.14,0.5755,0.2015,0.1505,0.19,15
426,F,0.47,0.36,0.145,0.537,0.1725,0.1375,0.195,15
427,M,0.56,0.41,0.165,0.93,0.3505,0.237,0.3,13
428,M,0.505,0.385,0.15,0.6415,0.246,0.152,0.215,12
429,M,0.515,0.435,0.145,0.8815,0.292,0.206,0.255,10
430,I,0.385,0.28,0.125,0.244,0.102,0.038,0.085,6
431,I,0.215,0.155,0.06,0.0525,0.021,0.0165,0.015,5
432,M,0.55,0.415,0.175,1.042,0.3295,0.2325,0.2905,15
433,F,0.515,0.39,0.13,0.5755,0.1975,0.13,0.1845,9
434,M,0.495,0.385,0.135,0.709,0.211,0.1375,0.262,12
435,F,0.505,0.39,0.16,0.644,0.2475,0.2025,0.1635,9
436,F,0.6,0.465,0.165,0.8875,0.309,0.246,0.262,12
437,F,0.57,0.465,0.16,0.8935,0.3145,0.2575,0.263,10
438,F,0.485,0.375,0.135,0.556,0.1925,0.1315,0.1685,10
439,M,0.47,0.37,0.18,0.51,0.1915,0.1285,0.1625,9
440,M,0.575,0.45,0.165,0.9215,0.3275,0.225,0.256,12
441,M,0.58,0.465,0.16,1.0345,0.315,0.26,0.3635,12
442,M,0.515,0.405,0.145,0.695,0.215,0.1635,0.234,15
443,M,0.53,0.41,0.155,0.7155,0.2805,0.1685,0.214,11
444,M,0.44,0.335,0.11,0.394,0.157,0.096,0.122,9
445,M,0.52,0.42,0.16,0.745,0.255,0.157,0.2885,11
446,F,0.425,0.345,0.11,0.3665,0.125,0.081,0.117,11
447,M,0.46,0.34,0.135,0.495,0.1655,0.117,0.185,10
448,M,0.45,0.335,0.125,0.349,0.119,0.1055,0.115,10
449,M,0.425,0.33,0.13,0.4405,0.152,0.0935,0.155,9
450,I,0.37,0.275,0.1,0.22,0.094,0.045,0.065,7
451,M,0.515,0.38,0.135,0.6615,0.2875,0.2095,0.155,10
452,M,0.405,0.305,0.12,0.3185,0.1235,0.0905,0.095,7
453,I,0.28,0.205,0.07,0.1015,0.041,0.03,0.03,6
454,F,0.48,0.4,0.125,0.759,0.2125,0.179,0.24,15
455,F,0.44,0.34,0.13,0.4195,0.153,0.1155,0.13,10
456,F,0.52,0.41,0.115,0.807,0.2855,0.179,0.235,12
457,M,0.505,0.405,0.14,0.875,0.2665,0.174,0.285,12
458,F,0.49,0.365,0.13,0.6835,0.165,0.1315,0.205,21
459,I,0.235,0.175,0.055,0.067,0.027,0.0125,0.018,6
460,I,0.255,0.185,0.06,0.088,0.0365,0.021,0.023,5
461,I,0.315,0.24,0.085,0.1715,0.071,0.0345,0.0535,7
462,I,0.325,0.25,0.08,0.1735,0.0765,0.0345,0.049,7
463,I,0.335,0.25,0.08,0.183,0.0735,0.04,0.0575,6
464,I,0.35,0.27,0.09,0.2055,0.075,0.0575,0.062,6
465,I,0.35,0.25,0.07,0.18,0.0655,0.048,0.054,6
466,I,0.36,0.3,0.085,0.27,0.1185,0.064,0.0745,7
467,I,0.365,0.275,0.135,0.24,0.108,0.0445,0.0735,7
468,I,0.37,0.275,0.14,0.2215,0.097,0.0455,0.0615,6
469,I,0.38,0.275,0.095,0.1375,0.086,0.0585,0.0605,7
470,I,0.385,0.29,0.095,0.312,0.143,0.0635,0.086,6
471,I,0.385,0.3,0.1,0.2895,0.1215,0.063,0.09,7
472,I,0.395,0.29,0.095,0.319,0.138,0.08,0.082,7
473,I,0.395,0.29,0.095,0.304,0.127,0.084,0.077,6
474,I,0.4,0.31,0.1,0.306,0.13,0.06,0.094,6
475,I,0.41,0.325,0.1,0.394,0.208,0.0655,0.106,6
476,I,0.415,0.32,0.11,0.3735,0.175,0.0755,0.109,7
477,M,0.415,0.305,0.1,0.325,0.156,0.0505,0.091,6
478,I,0.425,0.325,0.1,0.398,0.1185,0.0645,0.0945,6
479,I,0.44,0.365,0.115,0.501,0.2435,0.084,0.1465,9
480,I,0.445,0.335,0.1,0.4895,0.2745,0.086,0.1105,7
481,I,0.445,0.325,0.1,0.378,0.1795,0.1,0.089,7
482,I,0.45,0.35,0.13,0.547,0.245,0.1405,0.1405,8
483,M,0.47,0.375,0.12,0.5805,0.266,0.0935,0.169,8
484,I,0.475,0.365,0.125,0.5465,0.229,0.1185,0.172,9
485,F,0.48,0.365,0.135,0.6395,0.2945,0.113,0.175,8
486,I,0.485,0.355,0.105,0.498,0.2175,0.096,0.1525,9
487,M,0.49,0.385,0.125,0.609,0.3065,0.096,0.1775,8
488,F,0.495,0.41,0.125,0.7555,0.3355,0.129,0.214,9
489,M,0.5,0.4,0.125,0.5975,0.27,0.1275,0.166,9
490,M,0.505,0.44,0.14,0.8275,0.3415,0.1855,0.239,8
491,M,0.525,0.395,0.13,0.7635,0.3375,0.1425,0.225,8
492,M,0.54,0.405,0.125,0.891,0.4815,0.1915,0.202,9
493,F,0.54,0.42,0.14,0.805,0.369,0.1725,0.21,11
494,F,0.545,0.44,0.135,0.9185,0.429,0.2015,0.2375,10
495,F,0.55,0.43,0.125,0.923,0.4035,0.175,0.283,8
496,M,0.55,0.45,0.15,1.0145,0.407,0.2015,0.2875,10
497,F,0.55,0.45,0.15,0.875,0.362,0.1755,0.2765,10
498,M,0.555,0.435,0.145,0.9685,0.4985,0.168,0.2385,9
499,M,0.565,0.45,0.155,1.0595,0.4735,0.24,0.265,10
500,M,0.57,0.455,0.15,0.952,0.3895,0.2155,0.2745,9
501,M,0.57,0.435,0.13,0.7535,0.349,0.1755,0.194,10
502,F,0.575,0.465,0.14,0.958,0.442,0.1815,0.2705,9
503,M,0.59,0.475,0.165,1.077,0.4545,0.244,0.3095,9
504,M,0.59,0.46,0.13,1.102,0.455,0.2055,0.33,12
505,F,0.595,0.48,0.15,1.11,0.498,0.228,0.33,10
506,F,0.595,0.48,0.16,1.2095,0.5225,0.296,0.32,8
507,F,0.595,0.475,0.16,1.1405,0.547,0.231,0.271,6
508,F,0.595,0.465,0.14,1.113,0.5175,0.244,0.305,12
509,M,0.6,0.475,0.175,1.3445,0.549,0.2875,0.36,11
510,F,0.6,0.475,0.155,1.21,0.653,0.1695,0.3205,10
511,M,0.6,0.495,0.175,1.29,0.606,0.276,0.3445,11
512,F,0.605,0.475,0.175,1.382,0.609,0.2325,0.3985,10
513,M,0.605,0.455,0.16,1.1035,0.421,0.3015,0.325,9
514,F,0.615,0.5,0.175,1.377,0.5585,0.33,0.292,12
515,F,0.615,0.52,0.15,1.3435,0.629,0.2605,0.345,10
516,M,0.615,0.51,0.15,1.296,0.545,0.3315,0.32,9
517,M,0.615,0.505,0.165,1.34,0.5315,0.2815,0.41,12
518,F,0.62,0.505,0.16,1.3725,0.6285,0.275,0.3685,11
519,M,0.62,0.5,0.165,1.307,0.6355,0.2545,0.315,9
520,F,0.625,0.49,0.155,1.2085,0.465,0.162,0.411,11
521,F,0.625,0.49,0.2,1.3825,0.5895,0.285,0.381,11
522,M,0.63,0.505,0.165,1.26,0.4525,0.2755,0.406,14
523,M,0.635,0.51,0.17,1.3555,0.619,0.305,0.39,9
524,F,0.635,0.5,0.15,1.376,0.6495,0.361,0.31,10
525,F,0.635,0.485,0.165,1.2945,0.668,0.2605,0.2715,9
526,F,0.64,0.51,0.165,1.486,0.7595,0.332,0.321,8
527,M,0.65,0.525,0.175,1.4715,0.675,0.315,0.399,11
528,M,0.655,0.52,0.165,1.4095,0.586,0.291,0.405,9
529,M,0.655,0.58,0.205,2.0805,0.959,0.3415,0.601,17
530,M,0.66,0.53,0.17,1.3905,0.5905,0.212,0.453,15
531,M,0.66,0.52,0.19,1.558,0.755,0.298,0.4,10
532,F,0.67,0.585,0.16,1.309,0.5445,0.2945,0.413,10
533,F,0.675,0.525,0.17,1.8095,0.784,0.391,0.455,12
534,F,0.675,0.525,0.155,1.4785,0.628,0.3405,0.42,9
535,F,0.68,0.56,0.195,1.7775,0.861,0.322,0.415,11
536,F,0.685,0.54,0.16,1.6675,0.833,0.3775,0.475,11
537,F,0.695,0.56,0.22,1.834,0.8455,0.422,0.455,11
538,M,0.73,0.595,0.23,2.8255,1.1465,0.419,0.897,17
539,I,0.205,0.14,0.05,0.046,0.0165,0.012,0.0135,6
540,I,0.24,0.175,0.055,0.0705,0.025,0.014,0.021,5
541,I,0.24,0.175,0.065,0.0665,0.031,0.0135,0.017,3
542,I,0.255,0.19,0.05,0.083,0.0295,0.0215,0.027,6
543,I,0.255,0.18,0.055,0.083,0.031,0.0215,0.02,4
544,I,0.265,0.195,0.06,0.092,0.0345,0.025,0.0245,6
545,I,0.28,0.12,0.075,0.117,0.0455,0.029,0.0345,4
546,I,0.295,0.23,0.08,0.1625,0.065,0.05,0.0385,5
547,I,0.3,0.235,0.08,0.131,0.05,0.0265,0.043,4
548,I,0.3,0.23,0.095,0.1385,0.056,0.0365,0.037,6
549,I,0.305,0.22,0.07,0.141,0.062,0.031,0.037,5
550,I,0.315,0.235,0.075,0.1485,0.0585,0.0375,0.0425,6
551,I,0.315,0.23,0.07,0.144,0.053,0.0305,0.04,8
552,I,0.32,0.24,0.09,0.1575,0.07,0.0265,0.0425,5
553,I,0.325,0.24,0.075,0.187,0.0825,0.0445,0.05,6
554,I,0.33,0.265,0.085,0.196,0.0775,0.0305,0.0445,6
555,I,0.335,0.25,0.075,0.1825,0.0705,0.044,0.055,7
556,I,0.335,0.25,0.075,0.186,0.0945,0.038,0.0445,7
557,I,0.34,0.25,0.075,0.1785,0.0665,0.0455,0.045,5
558,I,0.34,0.25,0.07,0.2225,0.104,0.0425,0.055,7
559,I,0.345,0.265,0.1,0.2455,0.111,0.0535,0.065,7
560,I,0.37,0.29,0.095,0.249,0.1045,0.058,0.067,6
561,I,0.37,0.28,0.095,0.2865,0.1505,0.069,0.0795,7
562,I,0.375,0.28,0.09,0.215,0.084,0.06,0.055,6
563,I,0.385,0.265,0.08,0.251,0.124,0.037,0.07,6
564,I,0.41,0.31,0.09,0.339,0.155,0.0695,0.09,7
565,I,0.41,0.305,0.09,0.3535,0.157,0.0745,0.1,7
566,I,0.41,0.31,0.09,0.3335,0.1635,0.061,0.091,6
567,I,0.415,0.33,0.09,0.3595,0.17,0.081,0.09,6
568,I,0.42,0.32,0.115,0.376,0.169,0.092,0.1,5
569,I,0.42,0.315,0.1,0.3435,0.157,0.0795,0.09,6
570,I,0.425,0.34,0.1,0.382,0.164,0.096,0.1,6
571,I,0.425,0.315,0.1,0.377,0.1645,0.072,0.105,6
572,I,0.43,0.325,0.1,0.3645,0.1575,0.0825,0.105,7
573,I,0.43,0.325,0.09,0.425,0.217,0.087,0.095,7
574,I,0.435,0.325,0.12,0.3995,0.1815,0.061,0.1125,8
575,I,0.435,0.34,0.115,0.3925,0.1825,0.078,0.1145,6
576,I,0.44,0.345,0.13,0.4495,0.209,0.0835,0.134,6
577,I,0.44,0.325,0.09,0.35,0.148,0.067,0.105,7
578,F,0.445,0.335,0.11,0.4355,0.2025,0.1095,0.1195,6
579,I,0.445,0.35,0.13,0.4195,0.1695,0.0945,0.1195,7
580,I,0.45,0.36,0.13,0.478,0.191,0.127,0.137,7
581,I,0.45,0.355,0.105,0.4445,0.197,0.093,0.1335,8
582,I,0.45,0.345,0.11,0.47,0.2355,0.0855,0.1135,7
583,I,0.45,0.335,0.105,0.447,0.2335,0.153,0.119,7
584,I,0.455,0.355,0.125,0.5325,0.225,0.126,0.1465,7
585,I,0.455,0.375,0.12,0.497,0.2355,0.1055,0.1295,6
586,I,0.46,0.36,0.1,0.4635,0.2325,0.093,0.115,7
587,I,0.46,0.345,0.105,0.449,0.196,0.0945,0.1265,7
588,I,0.465,0.365,0.115,0.467,0.2315,0.0925,0.113,7
589,I,0.465,0.37,0.115,0.534,0.261,0.098,0.143,7
590,I,0.465,0.345,0.11,0.4415,0.1755,0.0905,0.12,7
591,F,0.465,0.35,0.125,0.482,0.23,0.106,0.1095,6
592,M,0.47,0.365,0.12,0.612,0.327,0.15,0.14,8
593,F,0.47,0.365,0.12,0.582,0.29,0.092,0.146,8
594,M,0.475,0.37,0.125,0.537,0.222,0.1215,0.15,9
595,F,0.475,0.36,0.12,0.5915,0.3245,0.11,0.127,6
596,M,0.48,0.375,0.115,0.6765,0.3205,0.1065,0.17,6
597,M,0.48,0.385,0.145,0.64,0.2925,0.1405,0.1575,6
598,M,0.48,0.36,0.1,0.439,0.194,0.099,0.115,8
599,M,0.48,0.365,0.12,0.6015,0.312,0.117,0.14,7
600,F,0.485,0.37,0.115,0.4785,0.1995,0.0955,0.129,7
601,M,0.49,0.385,0.125,0.649,0.32,0.124,0.1695,8
602,M,0.495,0.395,0.135,0.6335,0.3035,0.1295,0.1495,8
603,M,0.495,0.4,0.135,0.61,0.272,0.1435,0.144,7
604,M,0.5,0.39,0.135,0.6595,0.3145,0.1535,0.1565,6
605,I,0.5,0.385,0.12,0.56,0.2835,0.103,0.135,8
606,M,0.5,0.385,0.135,0.6425,0.3195,0.129,0.1535,7
607,M,0.5,0.4,0.125,0.6725,0.336,0.12,0.1825,7
608,F,0.505,0.39,0.13,0.674,0.3165,0.141,0.1785,9
609,I,0.505,0.39,0.15,0.685,0.362,0.131,0.156,8
610,M,0.505,0.41,0.125,0.642,0.289,0.133,0.155,9
611,I,0.505,0.355,0.125,0.601,0.25,0.1205,0.185,8
612,M,0.51,0.39,0.135,0.769,0.3935,0.1455,0.19,8
613,I,0.51,0.375,0.1,0.5785,0.238,0.1225,0.175,7
614,I,0.51,0.405,0.135,0.769,0.3655,0.1585,0.18,7
615,M,0.51,0.405,0.15,0.7035,0.347,0.134,0.1885,8
616,M,0.51,0.41,0.145,0.796,0.3865,0.1815,0.1955,8
617,F,0.515,0.43,0.14,0.834,0.367,0.2,0.23,8
618,M,0.515,0.39,0.155,0.7125,0.3695,0.137,0.155,7
619,F,0.525,0.415,0.14,0.724,0.3475,0.173,0.175,8
620,M,0.525,0.4,0.14,0.7325,0.334,0.1575,0.17,11
621,F,0.53,0.425,0.13,0.7585,0.325,0.197,0.205,8
622,F,0.53,0.425,0.15,0.8495,0.328,0.232,0.202,8
623,M,0.53,0.405,0.125,0.6515,0.2715,0.1605,0.186,7
624,F,0.535,0.4,0.135,0.8215,0.3935,0.196,0.205,8
625,M,0.535,0.43,0.14,0.7165,0.2855,0.1595,0.2155,8
626,M,0.535,0.435,0.14,0.874,0.3735,0.229,0.2195,8
627,F,0.55,0.445,0.155,0.9905,0.544,0.178,0.218,9
628,F,0.55,0.43,0.14,0.8105,0.368,0.161,0.275,9
629,F,0.56,0.455,0.16,0.967,0.4525,0.207,0.274,9
630,F,0.565,0.4,0.13,0.6975,0.3075,0.1665,0.18,8
631,M,0.57,0.45,0.155,1.195,0.5625,0.2565,0.295,10
632,M,0.57,0.45,0.155,1.1935,0.513,0.21,0.343,10
633,F,0.57,0.455,0.15,1.107,0.54,0.255,0.27,8
634,M,0.57,0.445,0.14,1.0635,0.5265,0.2195,0.24,8
635,M,0.57,0.46,0.17,0.9035,0.4075,0.1935,0.214,7
636,M,0.575,0.475,0.16,1.114,0.4955,0.2745,0.29,9
637,F,0.575,0.46,0.16,1.103,0.538,0.221,0.249,9
638,F,0.58,0.46,0.15,1.1155,0.5575,0.2255,0.29,7
639,F,0.58,0.46,0.18,1.0515,0.4095,0.2595,0.276,8
640,M,0.58,0.455,0.15,1.012,0.4985,0.2115,0.2835,10
641,F,0.58,0.45,0.145,1.137,0.5585,0.22,0.29,8
642,M,0.58,0.49,0.13,1.1335,0.586,0.2565,0.237,9
643,M,0.59,0.465,0.155,1.136,0.5245,0.2615,0.275,11
644,M,0.59,0.47,0.16,1.206,0.479,0.2425,0.309,8
645,F,0.59,0.455,0.145,1.063,0.5155,0.2445,0.25,8
646,F,0.595,0.47,0.155,1.121,0.4515,0.178,0.155,11
647,F,0.595,0.45,0.15,1.114,0.5865,0.2205,0.25,11
648,M,0.595,0.475,0.165,1.213,0.621,0.2435,0.274,9
649,F,0.595,0.46,0.14,1.0045,0.4655,0.2095,0.2515,9
650,M,0.595,0.455,0.15,1.044,0.518,0.2205,0.27,9
651,F,0.605,0.49,0.15,1.1345,0.5265,0.2645,0.295,9
652,M,0.605,0.475,0.155,1.161,0.572,0.2455,0.275,9
653,M,0.605,0.47,0.165,1.2315,0.6025,0.262,0.2925,11
654,M,0.61,0.47,0.15,1.1625,0.565,0.258,0.3085,11
655,M,0.61,0.475,0.155,1.168,0.554,0.239,0.3295,10
656,F,0.615,0.48,0.16,1.2525,0.585,0.2595,0.33,8
657,F,0.62,0.51,0.18,1.3315,0.594,0.276,0.388,11
658,F,0.625,0.48,0.17,1.3525,0.6235,0.278,0.365,10
659,M,0.625,0.49,0.175,1.3325,0.5705,0.271,0.405,10
660,F,0.625,0.475,0.175,1.1435,0.4755,0.2475,0.349,10
661,F,0.625,0.5,0.165,1.288,0.573,0.3035,0.315,9
662,F,0.625,0.485,0.2,1.38,0.5845,0.302,0.401,9
663,M,0.63,0.485,0.155,1.278,0.637,0.275,0.31,8
664,F,0.63,0.495,0.165,1.3075,0.599,0.284,0.315,11
665,M,0.63,0.48,0.15,1.1785,0.5185,0.248,0.3235,8
666,M,0.635,0.49,0.175,1.375,0.623,0.2705,0.395,11
667,M,0.635,0.525,0.185,1.4065,0.684,0.3,0.3745,10
668,M,0.64,0.505,0.155,1.4025,0.705,0.2655,0.335,10
669,F,0.64,0.5,0.17,1.5175,0.693,0.326,0.409,11
670,F,0.64,0.5,0.175,1.394,0.4935,0.291,0.4,10
671,F,0.645,0.5,0.155,1.2205,0.6145,0.236,0.3185,10
672,M,0.645,0.52,0.175,1.636,0.779,0.342,0.432,11
673,M,0.645,0.52,0.175,1.561,0.709,0.3555,0.4,8
674,F,0.645,0.505,0.165,1.4325,0.684,0.308,0.336,8
675,M,0.645,0.5,0.175,1.3385,0.633,0.299,0.349,11
676,F,0.645,0.5,0.16,1.2465,0.5475,0.327,0.3,10
677,F,0.645,0.515,0.15,1.212,0.515,0.2055,0.385,10
678,M,0.65,0.495,0.16,1.304,0.57,0.312,0.3725,9
679,M,0.65,0.52,0.21,1.6785,0.6665,0.308,0.46,11
680,M,0.65,0.525,0.185,1.622,0.6645,0.3225,0.477,10
681,F,0.655,0.46,0.16,1.494,0.6895,0.331,0.1825,9
682,F,0.655,0.51,0.175,1.6525,0.8515,0.3365,0.403,10
683,F,0.66,0.505,0.185,1.528,0.69,0.3025,0.441,11
684,M,0.66,0.535,0.19,1.5905,0.6425,0.297,0.5175,9
685,M,0.66,0.495,0.195,1.6275,0.594,0.3595,0.485,10
686,F,0.66,0.475,0.18,1.3695,0.641,0.294,0.335,6
687,M,0.67,0.525,0.165,1.6085,0.682,0.3145,0.4005,11
688,F,0.675,0.57,0.225,1.587,0.739,0.2995,0.435,10
689,F,0.675,0.565,0.195,1.8375,0.7645,0.3615,0.553,12
690,M,0.68,0.535,0.185,1.607,0.7245,0.3215,0.498,12
691,M,0.69,0.525,0.175,1.7005,0.8255,0.362,0.405,8
692,M,0.69,0.505,0.2,1.872,0.893,0.4015,0.48,10
693,F,0.695,0.535,0.175,1.8385,0.8035,0.396,0.503,10
694,F,0.705,0.535,0.18,1.685,0.693,0.42,0.4045,12
695,M,0.71,0.565,0.205,2.198,1.012,0.5225,0.5475,11
696,M,0.715,0.565,0.175,1.9525,0.7645,0.4185,0.4135,10
697,F,0.715,0.525,0.185,1.56,0.6655,0.383,0.405,11
698,F,0.735,0.6,0.22,2.555,1.1335,0.44,0.6,11
699,M,0.765,0.6,0.22,2.302,1.007,0.509,0.6205,12
700,I,0.185,0.13,0.045,0.029,0.012,0.0075,0.0095,4
701,I,0.195,0.15,0.045,0.0375,0.018,0.006,0.011,3
702,I,0.195,0.135,0.04,0.0325,0.0135,0.005,0.0095,4
703,I,0.2,0.155,0.04,0.0435,0.0155,0.009,0.007,4
704,I,0.225,0.165,0.055,0.059,0.027,0.0125,0.015,4
705,I,0.245,0.18,0.065,0.071,0.03,0.013,0.0215,4
706,I,0.25,0.18,0.065,0.0685,0.0245,0.0155,0.0225,5
707,I,0.265,0.195,0.055,0.084,0.0365,0.0175,0.025,7
708,I,0.275,0.195,0.065,0.106,0.054,0.02,0.028,6
709,I,0.28,0.21,0.085,0.1075,0.0415,0.024,0.034,5
710,I,0.285,0.22,0.065,0.096,0.0405,0.0205,0.03,5
711,I,0.3,0.22,0.08,0.1255,0.055,0.0265,0.039,6
712,I,0.315,0.235,0.055,0.151,0.065,0.027,0.039,6
713,I,0.32,0.225,0.085,0.1415,0.0675,0.0295,0.0405,6
714,I,0.34,0.265,0.08,0.2015,0.09,0.0475,0.055,5
715,I,0.37,0.28,0.1,0.221,0.1165,0.0265,0.0635,6
716,I,0.375,0.28,0.08,0.2345,0.1125,0.0455,0.067,6
717,I,0.375,0.275,0.1,0.2325,0.1165,0.042,0.065,6
718,I,0.385,0.29,0.08,0.2485,0.122,0.0495,0.065,7
719,I,0.4,0.32,0.095,0.348,0.194,0.053,0.087,6
720,I,0.405,0.3,0.11,0.32,0.172,0.044,0.093,7
721,I,0.41,0.3,0.1,0.282,0.1255,0.057,0.0875,7
722,I,0.41,0.325,0.1,0.3245,0.132,0.072,0.106,6
723,I,0.42,0.3,0.105,0.316,0.1255,0.07,0.1035,7
724,I,0.42,0.32,0.11,0.3625,0.174,0.0635,0.105,7
725,I,0.42,0.31,0.095,0.279,0.1255,0.051,0.088,6
726,I,0.425,0.325,0.115,0.3685,0.162,0.0865,0.1045,7
727,M,0.43,0.335,0.12,0.397,0.1985,0.0865,0.1035,7
728,I,0.435,0.33,0.11,0.413,0.2055,0.096,0.096,6
729,I,0.435,0.345,0.115,0.418,0.222,0.0735,0.106,7
730,I,0.44,0.33,0.11,0.3705,0.1545,0.084,0.12,7
731,I,0.445,0.345,0.105,0.409,0.1675,0.1015,0.117,7